0.0,3307.328125,6347.958496,2594.524902,7324.928223,6533.784180,9638.504883,5347.371094,7676.791016,4821.621582,3969.105713,5654.064941,1635.179688,9250.546875,9226.136719,3601.915039,3241.108154,5915.409180,4586.205078,7652.570312,314.433075,5915.442871,9284.583008,2510.564697,9653.771484,5830.895508,6006.539062,9739.906250,4054.007568,1789.607300,5318.732422,9940.773438,7077.255371,6938.075684,8930.689453,9816.413086,6990.381836,7153.388672,4379.132324,6340.697754,9434.322266,7151.666016,9467.318359,4139.769043,9246.639648,4924.601074,8663.117188,4350.097656,9804.477539,6505.079102,3838.730225,6605.236816,8118.769531,9382.963867,9273.475586,8733.304688,4944.085938,7775.693359,9252.263672,4057.359863,3681.889648,7730.865234,3732.549316,7670.963379,7187.535156,9394.138672,8514.363281,1959.144409,6504.375000,4345.861816,6302.255371,7658.369629,7662.734375,1260.494995,9963.107422,8677.444336,7266.800781,6062.727539,8386.465820,2531.506592,7450.313477,6792.451172,9508.916016,7953.195312,6602.082520,4108.916016,7756.648926,8297.498047,2637.708008,5481.440918,8264.867188,8670.550781,3812.893555,9579.349609,2040.188232,3091.019043,6357.361328,9341.977539,7063.072266,8162.584961,4055.256836
3307.328125,0.000000,8141.362793,3636.877686,7111.174316,4885.420898,7448.660156,8588.158203,8993.780273,1587.714111,2813.643311,2355.968994,4931.341309,7727.933594,5971.368164,307.631927,4793.344727,3783.470947,2270.279297,8709.458984,3617.071777,5620.111816,11971.957031,4369.951660,8238.989258,7698.487793,7937.780273,8113.815918,4140.746094,2546.539307,2087.448975,6655.770020,4963.012695,9862.793945,11762.302734,12673.854492,9699.064453,10428.291992,7681.681641,5764.191406,9550.135742,7863.339355,8570.870117,1039.298950,10345.660156,2040.002686,10022.534180,7583.125000,13052.755859,9074.821289,7097.441406,5559.446289,6525.174805,8163.001465,6705.520508,10773.338867,7902.166016,7210.762695,12287.873047,6626.845215,6706.967773,4629.082031,2925.282471,7636.664062,8856.958008,9700.214844,6819.327637,3552.318359,9387.172852,6111.281250,7129.519531,5090.713379,6262.738281,2583.604736,8771.057617,10850.355469,8041.621582,6640.626465,11656.381836,878.667358,7395.829590,7763.140137,11335.330078,8252.806641,5357.238770,2150.806641,9840.686523,11549.167969,2252.260010,2412.180908,7870.884277,11368.733398,7052.738281,12847.689453,1296.655640,5847.371582,5612.951660,8968.204102,9572.490234,7257.238281,6011.697266
6347.958496,8141.362793,0.000000,4514.449219,13663.864258,12633.780273,9591.874023,7833.530273,1681.815430,8860.388672,10091.946289,9732.948242,5731.199707,7972.493164,13511.951172,8279.838867,3380.715088,7464.861328,7373.180664,13582.137695,6297.528809,12263.281250,12933.238281,3968.965088,15894.096680,524.170654,451.056458,8491.892578,4398.531250,5708.530273,10046.987305,13975.601562,12968.301758,4072.111328,4972.398438,12898.293945,3156.668457,8583.911133,5992.253418,4987.191406,4959.175293,2617.412598,6885.995117,8232.846680,3250.958984,10181.281250,14309.295898,7384.454590,8225.956055,2408.078369,6971.208496,12884.733398,14278.203125,15668.484375,14846.708008,2654.362793,8889.925781,5362.075195,11769.541016,2737.125977,4020.967285,12587.624023,5678.037598,13985.569336,12703.489258,15589.158203,7873.777832,4766.732422,10186.685547,2072.092773,2279.769531,13227.930664,13877.185547,5938.764160,16259.774414,13413.435547,2520.398682,2820.803467,7450.115723,7897.588867,4257.020020,1983.291260,14619.743164,14190.445312,6208.416504,6910.165039,1795.986816,7148.048340,8790.583984,10504.939453,5250.770508,12391.435547,5081.141113,10454.400391,7499.736816,3637.457031,5285.366211,5809.919922,2461.095459,14487.833984,2299.159180
2594.524902,3636.877686,4514.449219,0.000000,9627.038086,8192.913086,7637.258789,7003.400391,5508.303223,4545.932617,5707.652832,5454.172363,3226.836182,6912.586914,9283.666992,3795.329346,1159.478882,4223.042969,3401.887207,10229.184570,2743.997070,8148.322266,11532.033203,952.228027,11506.361328,4062.944824,4300.987305,7429.174805,1518.572266,1240.249268,5610.637207,9848.041992,8469.844727,6584.314453,8349.651367,11916.201172,6247.675781,8568.526367,5496.765625,3816.081299,6866.070312,4688.494141,6934.043945,3861.292969,6981.302246,5674.097168,11257.595703,6109.443848,10249.608398,5562.222168,5562.954590,8566.641602,9849.448242,11328.752930,10337.438477,7137.386719,7112.337891,5211.449707,11160.987305,3243.088135,3804.272705,8176.028809,1818.691162,10034.983398,9776.272461,11868.993164,6285.347168,670.193787,8672.601562,2474.467041,3859.751709,8715.552734,9485.816406,1622.294800,11930.785156,11170.800781,4828.034668,3534.535645,8984.597656,3402.649170,4856.682129,4422.465820,12068.938477,10408.870117,4288.353027,2858.337646,6204.088867,8803.745117,4477.688477,6027.197266,5677.148438,10923.093750,4580.915039,10939.427734,3041.358643,2750.840332,3876.263428,6749.070312,6021.727539,10227.640625,2396.516357
7324.928223,7111.174316,13663.864258,9627.038086,0.000000,3290.838867,14270.241211,9232.794922,14991.189453,8041.707520,4297.531250,8092.894531,8152.119141,14808.627930,9032.558594,7256.516113,10510.708984,10828.291016,9357.333008,3135.069092,7366.926758,1508.599731,9146.092773,9804.663086,3488.364502,13143.541992,13307.479492,15166.246094,10774.242188,8431.424805,7048.687500,9863.293945,4241.603027,13423.920898,15426.117188,10279.238281,13794.926758,10854.141602,9783.831055,12757.981445,16372.225586,14315.153320,15671.023438,7950.719727,16542.363281,6082.213867,4519.741699,8564.665039,14839.050781,13484.185547,8469.855469,2061.379639,3154.706055,2943.467529,6104.211426,15953.541992,7517.943359,14235.710938,10720.343750,11204.994141,10404.672852,7270.112793,9819.225586,602.183411,4521.955566,2711.176270,13878.738281,9121.334961,8056.057129,11669.653320,13485.484375,5467.674805,2633.527344,8005.107422,3315.201416,6885.671875,14454.563477,13144.534180,13408.106445,6662.576172,14251.086914,14030.171875,6416.320312,1493.558838,12463.613281,9257.350586,14980.495117,13488.038086,5225.879883,6514.331543,14859.966797,8737.439453,9916.259766,12711.609375,6796.243164,10206.266602,12646.654297,15968.305664,14062.384766,1660.217529,11378.208984
6533.784180,4885.420898,12633.780273,8192.913086,3290.838867,0.000000,11372.190430,10249.007812,13697.436523,5320.757324,2571.681396,5140.016602,7882.588379,12175.970703,5758.506348,4913.136230,9268.938477,8227.789062,6896.040527,6161.014648,6710.916016,2453.197998,11564.524414,8669.317383,3356.082764,12144.111328,12354.162109,12472.472656,8984.531250,6957.774414,4104.653809,6597.105469,1042.885132,13387.709961,15404.066406,12590.753906,13514.636719,12078.197266,10204.232422,10622.802734,14433.345703,12698.738281,13278.127930,5447.535156,15129.290039,3244.295410,7614.831543,9368.474609,15655.697266,13038.396484,9087.938477,1230.951904,1659.210083,3293.605957,3363.009521,15162.648438,8811.660156,12041.075195,12741.233398,10579.426758,10147.930664,3979.925781,7808.835938,3889.954102,7190.099121,5940.971191,11218.656250,7867.532715,9815.509766,10561.973633,11931.521484,2271.321045,1393.607910,6695.153320,3898.748047,9596.435547,12868.428711,11479.088867,14189.740234,4810.334473,12279.135742,12544.634766,9419.752930,4776.295898,10079.217773,6950.562500,14193.320312,14191.176758,3905.701172,3499.450195,12718.525391,11063.112305,10004.667969,14254.870117,5152.900879,9624.127930,10450.347656,13803.902344,13594.200195,2610.711426,10361.901367
9638.504883,7448.660156,9591.874023,7637.258789,14270.241211,11372.190430,0.000000,14632.664062,9057.530273,6239.303223,10099.817383,6234.989746,10784.864258,2071.330322,7813.641113,7215.687988,8135.132324,3771.502197,5265.254395,16151.989258,9911.244141,12857.893555,18922.861328,8483.020508,14345.823242,9516.434570,9759.563477,1857.400146,6296.679199,7876.093750,7279.282715,7673.380859,10884.109375,13310.330078,14549.847656,19429.300781,12591.711914,16196.170898,13115.933594,4634.424805,6725.627930,7324.204590,3923.491211,6453.807129,9349.265625,8209.781250,17470.847656,13715.123047,17385.042969,11803.867188,13168.831055,12409.363281,12711.192383,14493.235352,11220.631836,11743.369141,14561.490234,4472.499023,18759.810547,10280.419922,11257.845703,8349.100586,5964.566895,14841.962891,16270.281250,16956.162109,1733.780640,8228.036133,16129.134766,8701.819336,7336.748535,10186.412109,12701.506836,8382.990234,15055.486328,18137.023438,7514.752930,6771.084473,16287.950195,8197.219727,5616.214844,7808.507812,18736.779297,15554.862305,3538.236816,5622.108398,11209.357422,16054.979492,9694.560547,7873.244629,4947.782227,18308.835938,12165.814453,18542.884766,8373.241211,10193.525391,4362.571289,5335.631836,12007.312500,13981.551758,8974.834961
5347.371094,8588.158203,7833.530273,7003.400391,9232.794922,10249.007812,14632.664062,0.000000,9515.296875,10145.616211,8137.853027,10942.489258,3892.211914,13845.285156,14305.611328,8892.568359,6740.591797,11066.260742,9867.769531,7530.142090,5033.863770,8435.548828,5100.133789,6223.815430,12531.191406,7402.999512,7383.250000,14374.546875,8435.314453,6889.274414,10465.388672,15075.349609,11117.096680,5230.912598,6932.383789,5138.239258,6044.181152,1882.661133,1847.580688,10597.991211,12510.470703,9972.877930,13553.268555,9478.303711,11051.113281,9865.900391,7639.995605,1005.172852,5606.408203,6191.764648,1511.730469,9707.415039,11456.037109,12066.303711,13512.455078,8953.487305,1789.730347,11784.238281,4195.974121,5278.524902,3934.028809,12643.740234,8695.746094,9229.376953,6095.558594,9975.835938,13275.132812,6405.270508,2460.369629,6858.933594,9223.305664,12045.049805,10879.625977,6462.517578,12516.748047,5918.071289,9979.335938,9343.064453,4185.395020,7743.366211,11046.630859,9383.301758,7306.919434,8945.365234,11267.991211,9356.839844,8162.769043,4292.718262,7125.983887,10490.301758,12047.519531,4567.090820,2825.545654,4267.884277,7291.567871,4787.293945,10733.349609,12956.001953,6680.860352,10705.333984,6457.290527
7676.791016,8993.780273,1681.815430,5508.303223,14991.189453,13697.436523,9057.530273,9515.296875,0.000000,9460.769531,11212.618164,10277.695312,7261.223145,7228.101562,13935.947266,9083.750977,4495.873047,7590.098633,7831.890625,15102.440430,7671.355957,13551.246094,14615.048828,5187.416504,17014.572266,2139.802490,2132.452637,7709.507324,4934.604980,6747.905762,10741.014648,14312.659180,13930.693359,5495.470215,5966.190918,14573.461914,4494.449707,10231.974609,7673.942871,4715.302734,3511.909668,1737.734253,5856.894043,8903.267578,1614.194092,11012.666992,15885.139648,9058.000977,9554.909180,3843.413818,8635.737305,14060.698242,15355.277344,16831.105469,15650.240234,2697.882080,10552.530273,4608.387695,13432.555664,4375.359375,5686.721680,13209.298828,6252.002441,15347.591797,14289.152344,17031.521484,7326.365723,5907.988770,11864.754883,3341.548828,2026.707153,14061.800781,14993.905273,7071.954590,17431.310547,15069.929688,1542.968872,2645.738037,8919.170898,8892.891602,3451.114258,1384.290039,16256.300781,15609.349609,5977.639160,7443.096680,2359.087646,8602.368164,9957.722656,11255.995117,4294.214844,14072.924805,6757.505859,12030.906250,8549.083008,5215.103516,5034.265625,4589.804199,3704.260986,15705.230469,3676.779541
4821.621582,1587.714111,8860.388672,4545.932617,8041.707520,5320.757324,6239.303223,10145.616211,9460.769531,0.000000,3875.121582,912.053223,6414.841309,6860.434082,4738.639160,1280.895996,5679.147949,2910.057129,1731.475708,9987.056641,5135.500000,6618.738770,13540.425781,5419.053711,8550.529297,8471.135742,8726.277344,7174.357910,4535.187988,3714.637939,1370.112793,5329.613770,5077.121582,11056.808594,12880.765625,14256.228516,10784.971680,11971.435547,9159.012695,5560.884277,9426.452148,8111.821777,7988.864258,715.833252,10658.620117,2076.563965,11352.337891,9141.765625,14441.747070,10107.868164,8646.345703,6246.463379,6836.762207,8583.961914,6299.640625,11514.447266,9489.789062,6880.269043,13875.313477,7741.761230,8010.672363,3750.546387,3216.294189,8607.863281,10278.204102,10718.903320,5907.080566,4662.705566,10973.377930,6942.498535,7481.125488,4811.137695,6705.442871,3915.763672,9178.659180,12348.166016,8308.561523,6917.489258,13073.108398,2465.634521,7309.441895,8136.915039,12759.633789,9315.818359,4830.047852,2023.144775,10627.532227,12946.746094,3701.644287,1982.179565,7583.015137,12939.519531,8468.258789,14395.461914,2869.597900,7070.448730,5337.220215,8630.723633,10564.959961,7884.684082,6925.238281
3969.105713,2813.643311,10091.946289,5707.652832,4297.531250,2571.681396,10099.817383,8137.853027,11212.618164,3875.121582,0.000000,4143.999023,5376.618652,10524.520508,6459.701660,2966.400146,6746.247559,6553.628906,5066.236328,6135.471191,4158.682129,2810.239258,10374.983398,6123.058594,5808.584473,9596.283203,9801.329102,10894.973633,6648.667480,4467.538086,3193.148193,7291.099609,3147.580322,10863.304688,12872.201172,11260.812500,10957.670898,10013.058594,7839.450195,8508.316406,12210.279297,10313.319336,11378.556641,3683.944336,12683.724609,2248.861084,7530.224609,7189.995117,13342.383789,10470.566406,6837.204102,2875.047607,4191.917969,5621.456543,5460.327637,12600.353516,6929.680176,9975.831055,11164.633789,8008.454590,7611.751953,4665.085449,5588.467285,4826.624023,6588.957520,6905.264160,9603.252930,5334.698730,8176.448242,8023.083984,9517.844727,3923.198975,3788.333252,4159.525879,6224.438965,8822.031250,10472.128906,9106.445312,11881.597656,2437.150635,10066.091797,10110.538086,9047.583984,5472.959473,8168.016602,4961.060059,11629.250000,11854.081055,1334.649292,2865.552979,10617.018555,9810.157227,7542.396973,12313.290039,2683.633057,7056.717773,8380.454102,11722.083984,11024.682617,4563.411133,7809.146484
5654.064941,2355.968994,9732.948242,5454.172363,8092.894531,5140.016602,6234.989746,10942.489258,10277.695312,912.053223,4143.999023,0.000000,7266.120117,7119.896973,3829.535645,2054.662354,6582.543945,3328.021484,2457.854248,10272.120117,5965.877441,6742.647949,14155.250000,6330.888672,8221.223633,9353.428711,9610.323242,7377.073730,5375.654297,4621.044922,1048.485229,4418.910645,4725.943848,11968.247070,13792.289062,14914.411133,11695.830078,12784.260742,10015.607422,6201.250000,10048.019531,8876.247070,8405.930664,1621.947876,11427.948242,2013.292236,11673.952148,9937.340820,15331.040039,11016.391602,9453.323242,6182.313477,6539.155762,8315.121094,5648.315430,12385.121094,10204.634766,7441.257812,14589.365234,8653.792969,8912.149414,2952.550537,4064.292480,8678.014648,10694.843750,10799.060547,6156.398438,5574.045410,11657.603516,7836.833008,8279.474609,4261.079102,6485.021973,4803.654297,8894.096680,12845.078125,9077.062500,7700.228516,13954.466797,3204.722168,7967.113770,8936.625000,13167.781250,9441.290039,5343.812500,2841.983398,11507.533203,13833.397461,4243.070801,1641.156616,8153.044922,13561.330078,9347.379883,15203.380859,3651.523926,7979.025391,5952.946777,9165.312500,11470.329102,7747.595215,7828.076172
1635.179688,4931.341309,5731.199707,3226.836182,8152.119141,7882.588379,10784.864258,3892.211914,7261.223145,6414.841309,5376.618652,7266.120117,0.000000,10139.411133,10861.315430,5221.126953,3304.950439,7177.357910,5986.006836,7852.517578,1340.827271,6873.846191,8314.179688,2628.098389,10831.049805,5209.563965,5325.935059,10655.607422,4729.527344,2997.922607,6953.853027,11574.343750,8523.205078,5506.905762,7526.719238,8691.840820,5708.200684,5619.811035,2750.645508,6998.292480,9571.124023,7114.271484,10079.445312,5718.343750,8874.016602,6542.798340,8634.224609,2938.154785,8174.933105,5340.243164,2395.241943,7776.109375,9395.342773,10501.041016,10788.833008,7829.394531,3894.543457,8323.301758,7974.959473,3092.675537,2297.055908,9355.050781,4825.343750,8402.846680,7052.363770,9888.237305,9499.808594,2582.290039,5448.738770,3990.649902,6274.723633,9192.626953,8896.002930,2590.061035,11055.522461,8120.259766,7186.419434,6195.033203,6752.516113,4166.686035,7782.014648,6640.345215,9154.858398,8519.586914,7511.332520,5469.080566,6864.399902,6667.924316,4091.421631,7109.925781,8705.981445,7707.585449,2202.993652,8044.315918,3674.748047,2110.827148,7084.709961,9720.155273,5917.051758,9211.934570,3612.231201
9250.546875,7727.933594,7972.493164,6912.586914,14808.627930,12175.970703,2071.330322,13845.285156,7228.101562,6860.434082,10524.520508,7119.896973,10139.411133,0.000000,9411.961914,7558.127441,7131.838867,3984.052734,5460.123047,16341.889648,9484.119141,13334.266602,18436.820312,7623.169922,15339.128906,7977.305176,8200.995117,540.550476,5422.718262,7464.705566,8103.372070,9394.453125,11843.240234,11878.612305,12940.433594,18825.835938,11076.257812,15264.555664,12195.547852,3300.343018,4667.322266,5528.927734,1856.776245,6859.754395,7365.952148,8933.445312,17574.683594,12994.034180,16022.352539,10294.535156,12450.226562,13095.955078,13647.222656,15414.564453,12529.590820,9925.831055,14020.167969,2635.214600,18033.160156,9084.356445,10205.798828,9644.743164,5536.374023,15349.587891,16250.020508,17426.027344,963.552551,7564.627441,15583.369141,7423.085938,5693.314941,11319.985352,13553.514648,8002.928711,16000.852539,17918.744141,5702.819824,5197.405273,15026.958008,8332.404297,3789.172852,6075.599121,18666.634766,15980.728516,2650.207275,5638.120605,9477.047852,14769.149414,9869.546875,8730.240234,2981.106445,17826.148438,11204.479492,17530.251953,8387.916992,9178.325195,3123.017090,3267.378662,10429.202148,14744.591797,7751.003418
9226.136719,5971.368164,13511.951172,9283.666992,9032.558594,5758.506348,7813.641113,14305.611328,13935.947266,4738.639160,6459.701660,3829.535645,10861.315430,9411.961914,0.000000,5707.695801,10410.284180,6480.830566,6144.721680,11884.068359,9524.720703,8124.663086,16814.484375,10154.701172,7568.955078,13150.773438,13410.292969,9473.575195,9120.783203,8413.095703,3908.034668,850.752502,4795.617676,15775.200195,17617.023438,17719.111328,15523.018555,16183.028320,13597.569336,9537.149414,13213.704102,12426.074219,11062.664062,5435.953125,14961.930664,4444.518555,13342.600586,13311.002930,19017.074219,14845.888672,12872.770508,6985.562012,6319.722656,7922.489258,3827.331055,16155.246094,13303.096680,10534.380859,17604.964844,12474.172852,12668.495117,1841.514771,7835.319336,9624.530273,12754.850586,11603.702148,8519.641602,9385.661133,14617.879883,11654.476562,11912.934570,3600.965088,6608.293457,8539.143555,8358.904297,15108.498047,12633.804688,11307.121094,17609.992188,6694.630371,11280.612305,12566.385742,15094.927734,10524.819336,8451.371094,6603.143555,15297.631836,17511.707031,7208.492676,3815.323486,11239.526367,16258.351562,13015.166016,18563.232422,7187.768066,11770.440430,9246.374023,12118.670898,15298.839844,7995.356445,11655.094727
3601.915039,307.631927,8279.838867,3795.329346,7256.516113,4913.136230,7215.687988,8892.568359,9083.750977,1280.895996,2966.400146,2054.662354,5221.126953,7558.127441,5707.695801,0.000000,4954.746582,3591.744385,2100.936035,8936.337891,3912.869141,5776.373047,12271.608398,4564.529297,8256.533203,7846.771973,8089.823242,7931.614746,4192.924805,2754.732910,1852.058105,6379.829102,4925.611816,10098.886719,11984.931641,12978.006836,9913.578125,10730.575195,7971.769531,5710.633789,9525.606445,7907.096191,8456.456055,769.632080,10407.846680,1929.170044,10262.565430,7887.639160,13327.883789,9278.071289,7400.330078,5645.445801,6536.729980,8202.562500,6580.277344,10920.647461,8209.373047,7139.817383,12595.194336,6842.796387,6961.908691,4413.008301,2937.213379,7792.262207,9118.134766,9869.625977,6638.778809,3755.739746,9692.922852,6266.946289,7191.314941,4979.371582,6300.071289,2832.868164,8809.438477,11131.100586,8089.558594,6685.598145,11936.332031,1184.747681,7372.455566,7831.440918,11598.227539,8430.057617,5240.182617,2051.212158,9995.810547,11825.506836,2510.246582,2231.883789,7810.349121,11669.057617,7330.528320,13150.844727,1601.914917,6084.235840,5544.637207,8901.211914,9768.248047,7337.155273,6184.147949
3241.108154,4793.344727,3380.715088,1159.478882,10510.708984,9268.938477,8135.132324,6740.591797,4495.873047,5679.147949,6746.247559,6582.543945,3304.950439,7131.838867,10410.284180,4954.746582,0.000000,5017.767090,4422.174316,10849.358398,3290.303467,9060.154297,11534.270508,739.567139,12554.832031,2915.126465,3148.222900,7666.906738,1850.971924,2327.876709,6767.909180,10954.871094,9587.664062,5576.952637,7266.441895,11804.353516,5159.859863,8136.663086,5063.797363,3859.682617,6302.857910,3928.038330,6845.064453,5004.894043,6031.677246,6828.145996,11778.790039,5941.711426,9404.352539,4449.445801,5409.875977,9575.742188,10919.351562,12352.689453,11488.800781,5986.346191,7141.500977,5076.070312,10936.509766,2265.163574,3123.414551,9331.932617,2732.170898,10884.253906,10240.583008,12635.113281,6634.993652,1415.608887,8660.120117,1320.864258,3076.264648,9864.294922,10534.421875,2588.191895,12950.122070,11423.721680,4033.704102,2910.705078,8211.363281,4516.877930,4478.032227,3551.343506,12429.404297,11192.041992,4634.631836,3894.471680,5047.823242,8002.512207,5470.430664,7186.586426,5415.899902,10936.715820,4076.515381,10434.428711,4123.402344,2064.703369,4009.316406,6416.900879,4888.859375,11211.904297,1246.214478
5915.409180,3783.470947,7464.861328,4223.042969,10828.291016,8227.789062,3771.502197,11066.260742,7590.098633,2910.057129,6553.628906,3328.021484,7177.357910,3984.052734,6480.830566,3591.744385,5017.767090,0.000000,1524.934692,12476.266602,6200.162109,9360.321289,15185.489258,5156.130371,11453.880859,7208.610840,7473.524902,4341.384277,3244.081299,4197.155762,4220.435547,6766.651367,7969.396484,10560.767578,12117.544922,15730.857422,10033.266602,12726.833008,9682.560547,3056.389160,6801.061035,5993.619629,5094.827637,2877.589111,8504.303711,4985.166992,13761.339844,10113.638672,14414.667969,9271.244141,9572.314453,9117.817383,9743.715820,11493.923828,8956.375000,10011.376953,10857.950195,4149.142090,15123.849609,7281.970703,8017.698242,6160.344238,2412.316650,11373.516602,12521.560547,13458.874023,3050.845947,4716.620605,12419.752930,5959.306152,5570.588867,7587.768555,9614.565430,4676.018555,12088.086914,14365.650391,6203.905273,4945.751465,13187.028320,4467.233887,4804.906250,6205.903320,14980.642578,12021.656250,2036.355591,1850.927490,9250.678711,12993.716797,5990.453125,4850.070801,4863.527832,14571.843750,8794.708984,15123.282227,4611.383301,6953.350098,2766.940918,5848.296387,9611.862305,10776.037109,6113.441406
4586.205078,2270.279297,7373.180664,3401.887207,9357.333008,6896.040527,5265.254395,9867.769531,7831.890625,1731.475708,5066.236328,2457.854248,5986.006836,5460.123047,6144.721680,2100.936035,4422.174316,1524.934692,0.000000,10951.601562,4886.993652,7876.473633,13787.422852,4348.899414,10191.376953,7027.477051,7289.598145,5843.652832,2976.927246,2999.702393,3099.396484,6607.225586,6752.287109,9975.397461,11686.792969,14379.835938,9580.299805,11599.503906,8619.284180,3833.072998,7698.865723,6419.156738,6390.557617,1450.446655,8970.607422,3698.234131,12237.457031,8889.458008,13625.171875,8858.384766,8358.493164,7711.582520,8469.444336,10186.369141,8027.604492,10011.812500,9515.964844,5179.861816,13838.238281,6635.218262,7153.370605,5408.810059,1718.925293,9892.703125,11007.981445,11965.909180,4549.090332,3734.086670,11064.506836,5581.833984,5825.939941,6541.010254,8289.607422,3405.661865,10788.349609,12885.793945,6619.536133,5243.046387,12326.412109,2943.994629,5578.143066,6483.111816,13472.039062,10521.535156,3183.510254,547.559265,9163.708008,12162.149414,4465.520996,3700.801025,5875.534180,13175.290039,7801.044922,14018.632812,3109.758789,6127.110840,3617.475586,6938.702637,9269.146484,9391.215820,5637.167969
7652.570312,8709.458984,13582.137695,10229.184570,3135.069092,6161.014648,16151.989258,7530.142090,15102.440430,9987.056641,6135.471191,10272.120117,7852.517578,16341.889648,11884.068359,8936.337891,10849.358398,12476.266602,10951.601562,0.000000,7563.554688,3762.262451,6199.083008,10109.791992,6451.113770,13061.360352,13171.388672,16763.835938,11613.388672,9203.976562,9287.234375,12730.738281,7185.478516,12409.319336,14304.144531,7375.064941,12989.858398,8824.585938,8606.871094,13821.037109,17086.437500,14777.392578,16901.222656,9699.173828,16711.208984,8310.424805,1458.710083,7149.022461,12984.706055,12852.646484,7252.849609,4974.706543,6287.184570,5865.163086,9211.990234,15534.773438,5744.079590,15297.094727,8012.932129,10899.074219,9817.866211,10062.983398,10944.130859,2696.342041,1650.557617,2475.928223,15472.312500,9610.376953,5735.689941,11787.767578,13925.623047,8424.916016,5751.208984,8688.102539,6074.722168,3815.499268,14880.168945,13713.099609,11642.399414,8019.906738,15078.004883,14375.296875,3292.444092,1905.299316,13801.767578,10709.803711,14599.405273,11789.165039,6487.291992,8862.903320,15841.150391,5868.207520,9046.795898,10316.511719,7959.024902,9948.825195,13778.374023,16936.603516,13421.141602,4737.716797,11430.880859
314.433075,3617.071777,6297.528809,2743.997070,7366.926758,6710.916016,9911.244141,5033.863770,7671.355957,5135.500000,4158.682129,5965.877441,1340.827271,9484.119141,9524.720703,3912.869141,3290.303467,6200.162109,4886.993652,7563.554688,0.000000,5984.157715,9016.129883,2551.590820,9786.995117,5776.741699,5941.721191,9978.327148,4232.539062,2042.552368,5618.618652,10243.668945,7286.036621,6715.540039,8717.593750,9531.002930,6803.721680,6838.977539,4075.396484,6528.983887,9538.325195,7216.512695,9655.561523,4454.178711,9254.131836,5204.105957,8535.065430,4037.376221,9515.607422,6343.181641,3524.780762,6731.446777,8277.163086,9500.395508,9507.850586,8632.901367,4658.102051,7949.203613,8951.713867,3921.543457,3458.946777,8014.962891,3984.145996,7692.141602,7036.388184,9368.334961,8762.094727,2087.461426,6222.003906,4330.874023,6365.077637,7899.036621,7808.275879,1528.597778,10074.752930,8463.494141,7324.007324,6154.283203,8092.789062,2831.385254,7584.417480,6834.071777,9327.929688,7938.963867,6834.034180,4403.821289,7656.176270,8008.575684,2837.816895,5769.117676,8420.900391,8402.202148,3533.482422,9264.917969,2343.461182,2937.990723,6557.850098,9489.297852,6906.925781,8260.485352,4019.795410
5915.442871,5620.111816,12263.281250,8148.322266,1508.599731,2453.197998,12857.893555,8435.548828,13551.246094,6618.738770,2810.239258,6742.647949,6873.846191,13334.266602,8124.663086,5776.373047,9060.154297,9360.321289,7876.473633,3762.262451,5984.157715,0.000000,9171.768555,8364.985352,4115.867676,11746.297852,11919.731445,13701.474609,9272.043945,6942.507812,5713.187500,8972.534180,3495.519775,12268.004883,14285.926758,10230.991211,12569.312500,10172.100586,8749.025391,11249.548828,14869.072266,12833.209961,14169.852539,6485.657227,15089.072266,4732.519531,5220.843262,7664.265625,14001.751953,12212.155273,7491.586426,1409.085815,3104.089600,3698.237793,5717.620117,14610.317383,6828.315430,12727.637695,10478.642578,9873.567383,9159.323242,6300.876953,8310.634766,2016.692505,4738.573242,4104.580078,12410.864258,7660.246582,7631.333984,10245.988281,12008.062500,4721.658691,2511.089355,6528.878418,4216.098633,7147.707031,12975.971680,11655.666992,12547.742188,5154.622070,12745.164062,12561.790039,6983.954102,2702.300781,10965.659180,7761.308594,13634.325195,12596.071289,3722.024902,5223.444336,13351.368164,8691.831055,8768.677734,12204.853516,5289.661621,8876.204102,11139.258789,14459.715820,12787.796875,2360.217773,9968.494141
9284.583008,11971.957031,12933.238281,11532.033203,9146.092773,11564.524414,18922.861328,5100.133789,14615.048828,13540.425781,10374.983398,14155.250000,8314.179688,18436.820312,16814.484375,12271.608398,11534.270508,15185.489258,13787.422852,6199.083008,9016.129883,9171.768555,0.000000,10914.450195,12596.296875,12498.415039,12482.773438,18945.912109,13042.178711,11057.820312,13396.366211,17654.214844,12595.421875,10037.890625,11399.197266,1197.701416,10962.004883,4914.123535,6942.358887,15310.195312,17549.724609,15013.778320,18371.687500,12993.257812,16149.313477,12554.415039,5302.912109,5655.114258,8643.710938,11213.458984,6156.047363,10574.473633,12164.712891,12021.335938,14887.355469,13933.906250,4420.285645,16606.263672,2269.924316,10341.436523,8992.593750,14990.277344,12994.870117,8819.779297,4633.462891,8403.386719,17757.876953,10873.864258,2874.426514,11855.158203,14236.958008,13768.244141,11583.351562,10542.115234,12265.617188,2494.296875,15032.828125,14298.916016,7707.837402,11099.490234,15970.896484,14440.577148,3787.460449,8100.002441,15794.764648,13351.698242,13197.268555,7986.161133,9916.711914,13196.635742,16940.669922,614.032654,7889.532715,5052.832520,10772.931641,9742.785156,15398.732422,17903.087891,11663.674805,10805.057617,11448.814453
2510.564697,4369.951660,3968.965088,952.228027,9804.663086,8669.317383,8483.020508,6223.815430,5187.416504,5419.053711,6123.058594,6330.888672,2628.098389,7623.169922,10154.701172,4564.529297,739.567139,5156.130371,4348.899414,10109.791992,2551.590820,8364.985352,10914.450195,0.000000,11925.872070,3474.926025,3686.376465,8151.231934,2214.945068,1828.771729,6408.871094,10741.470703,9038.117188,5658.041992,7462.339355,11228.947266,5370.711914,7715.996582,4634.075684,4406.887207,7031.357422,4667.603027,7459.775391,4718.952637,6742.723633,6376.994629,11043.229492,5376.949219,9297.712891,4715.937988,4836.014648,8924.448242,10310.691406,11706.579102,11012.988281,6509.682129,6504.114258,5699.003418,10410.026367,2325.147217,2861.806641,8975.458008,2763.749023,10168.820312,9509.610352,11903.819336,7060.665527,827.684143,8041.143066,1903.332764,3815.831543,9381.823242,9908.401367,1976.913940,12300.424805,10729.797852,4772.692383,3638.046387,8037.946777,3989.127930,5167.498535,4285.210938,11714.396484,10463.745117,5051.327637,3803.605225,5550.102051,7854.126465,4824.177246,6781.786621,6079.192871,10312.123047,3686.984863,10062.357422,3560.869385,1801.700073,4520.730469,7102.214844,5204.083008,10544.275391,1696.928467
9653.771484,8238.989258,15894.096680,11506.361328,3488.364502,3356.082764,14345.823242,12531.191406,17014.572266,8550.529297,5808.584473,8221.223633,10831.049805,15339.128906,7568.955078,8256.533203,12554.832031,11453.880859,10191.376953,6451.113770,9786.995117,4115.867676,12596.296875,11925.872070,0.000000,15394.307617,15593.883789,15596.142578,12338.833984,10266.685547,7243.759766,8279.455078,3495.889648,16301.927734,18324.986328,13744.260742,16536.126953,14229.748047,12853.206055,13958.208984,17781.824219,16049.683594,16539.339844,8753.455078,18466.158203,6496.222656,7679.565430,11777.909180,18112.033203,16121.372070,11606.432617,3058.882568,1723.130127,594.087402,3843.910400,18372.148438,10879.413086,15360.885742,14208.611328,13706.146484,13127.885742,6201.543457,11163.613281,3777.558105,7962.875000,4918.586426,14375.956055,11142.828125,11521.533203,13828.069336,15276.454102,4218.769043,2020.994507,9967.771484,793.601440,10265.269531,16217.604492,14831.238281,16660.447266,8149.573242,15628.178711,15884.231445,9603.233398,4561.306641,13364.329102,10280.016602,17397.234375,16711.417969,7104.471191,6614.166992,16045.543945,12207.057617,12824.749023,16165.125977,8467.031250,12724.872070,13776.779297,17123.201172,16689.273438,1855.383423,13604.266602
5830.895508,7698.487793,524.170654,4062.944824,13143.541992,12144.111328,9516.434570,7402.999512,2139.802490,8471.135742,9596.283203,9353.428711,5209.563965,7977.305176,13150.773438,7846.771973,2915.126465,7208.610840,7027.477051,13061.360352,5776.741699,11746.297852,12498.415039,3474.926025,15394.307617,0.000000,265.304230,8505.178711,4069.133545,5238.200684,9632.030273,13634.694336,12494.798828,3934.740479,5040.224121,12492.967773,3099.239990,8226.770508,5556.757324,4885.373535,5252.632324,2807.162842,6998.798828,7829.954590,3736.225830,9736.814453,13796.224609,6921.028320,8101.129883,2317.620850,6495.981445,12379.319336,13785.312500,15163.425781,14400.349609,3074.874512,8412.751953,5404.026855,11387.661133,2239.808594,3547.496094,12182.557617,5318.002441,13463.232422,12192.260742,15065.026367,7815.404297,4281.940430,9731.838867,1595.331177,2317.219971,12777.641602,13378.927734,5449.815430,15753.433594,12931.199219,2745.380127,2781.132324,7247.002930,7427.085938,4342.867188,2165.603027,14125.556641,13666.369141,6071.250488,6548.927734,2157.564941,6956.245605,8289.866211,10076.377930,5361.633789,11950.075195,4624.248535,10163.760742,7020.484863,3120.385498,5170.566895,6004.211426,2493.321777,13976.932617,1790.962646
6006.539062,7937.780273,451.056458,4300.987305,13307.479492,12354.162109,9759.563477,7383.250000,2132.452637,8726.277344,9801.329102,9610.323242,5325.935059,8200.995117,13410.292969,8089.823242,3148.222900,7473.524902,7289.598145,13171.388672,5941.721191,11919.731445,12482.773438,3686.376465,15593.883789,265.304230,0.000000,8726.778320,4333.294434,5465.144531,9880.541016,13896.714844,12716.967773,3742.334717,4792.157715,12452.015625,2877.994629,8149.820312,5541.490234,5131.610352,5361.544922,2960.290039,7188.340332,8082.139648,3699.462891,9974.837891,13883.093750,6934.301758,7907.910156,2103.571777,6523.133301,12572.521484,13992.166016,15356.668945,14636.793945,2838.240479,8442.083984,5615.483887,11328.640625,2301.624268,3573.329346,12433.408203,5578.880371,13619.056641,12275.082031,15199.085938,8054.424805,4499.987793,9735.758789,1827.524536,2522.821045,13012.513672,13580.458984,5663.199219,15944.889648,12966.668945,2882.981445,3010.179443,7084.992676,7652.549316,4539.040527,2318.462646,14177.672852,13807.731445,6324.332520,6809.290039,1907.443481,6789.098145,8489.961914,10320.453125,5550.528320,11940.557617,4630.570801,10046.430664,7240.360352,3222.583496,5419.407715,6161.230957,2247.760254,14161.803711,1992.466797
9739.906250,8113.815918,8491.892578,7429.174805,15166.246094,12472.472656,1857.400146,14374.546875,7709.507324,7174.357910,10894.973633,7377.073730,10655.607422,540.550476,9473.575195,7931.614746,7666.906738,4341.384277,5843.652832,16763.835938,9978.327148,13701.474609,18945.912109,8151.231934,15596.142578,8505.178711,8726.778320,0.000000,5946.448242,7951.572266,8380.816406,9407.432617,12102.268555,12411.568359,13456.127930,19344.892578,11603.385742,15801.125977,12730.693359,3840.269775,5018.974609,6024.215332,2140.673340,7216.808105,7783.942383,9237.426758,18011.320312,13518.630859,16557.787109,10822.758789,12974.271484,13420.212891,13915.686523,15689.421875,12695.011719,10405.329102,14531.482422,3139.742676,18560.460938,9624.901367,10744.584961,9806.756836,6015.699219,15713.994141,16703.556641,17800.167969,1294.768555,8077.647461,16096.164062,7963.417969,6214.307129,11532.749023,13841.791992,8487.968750,16270.660156,18399.396484,6193.453125,5727.054199,15566.208008,8745.891602,4285.736328,6581.905762,19129.035156,16361.439453,3151.433594,6054.039062,9976.586914,15307.791992,10282.073242,9003.230469,3433.842773,18334.632812,11740.813477,18069.505859,8820.783203,9715.560547,3659.404297,3600.345703,10950.591797,15055.104492,8291.552734
4054.007568,4140.746094,4398.531250,1518.572266,10774.242188,8984.531250,6296.679199,8435.314453,4934.604980,4535.187988,6648.667480,5375.654297,4729.527344,5422.718262,9120.783203,4192.924805,1850.971924,3244.081299,2976.927246,11613.388672,4232.539062,9272.043945,13042.178711,2214.945068,12338.833984,4069.133545,4333.294434,5946.448242,0.000000,2414.162354,5806.605957,9577.131836,9103.361328,7321.821289,8883.542969,13405.451172,6792.970215,9922.186523,6839.863770,2300.734619,5598.299805,3723.079590,5424.564941,3968.940186,6215.373535,6116.927734,12691.539062,7572.182617,11234.554688,6036.281738,7027.910645,9519.586914,10638.207031,12221.952148,10726.364258,7034.909180,8621.892578,3721.769775,12615.752930,4080.001709,4964.980957,8285.686523,1319.454102,11221.752930,11238.105469,13133.032227,4845.889160,2187.559570,10178.261719,2720.450684,2999.764893,9151.566406,10336.920898,2925.502686,12829.819336,12681.902344,3900.932861,2500.441162,10058.944336,4218.131348,3495.544922,3644.478027,13558.673828,11664.253906,2836.470703,2534.333252,6191.696289,9845.938477,5550.107422,6328.276367,4229.978027,12434.308594,5875.505859,12250.693359,3992.581299,3898.095459,2358.883301,5323.217285,6397.333984,11211.976562,2871.354004
1789.607300,2546.539307,5708.530273,1240.249268,8431.424805,6957.774414,7876.093750,6889.274414,6747.905762,3714.637939,4467.538086,4621.044922,2997.922607,7464.705566,8413.095703,2754.732910,2327.876709,4197.155762,2999.702393,9203.976562,2042.552368,6942.507812,11057.820312,1828.771729,10266.685547,5238.200684,5465.144531,7951.572266,2414.162354,0.000000,4606.146484,9038.148438,7259.791016,7362.825195,9232.116211,11554.928711,7158.856445,8601.654297,5624.987305,4635.373535,7978.119629,5893.912598,7749.101074,2999.822266,8218.916016,4548.372070,10305.191406,5924.398926,10755.429688,6528.435547,5386.388184,7328.701172,8612.995117,10088.808594,9190.106445,8301.749023,6685.465820,6100.448730,10926.777344,4088.251221,4300.676270,7166.922852,1943.526611,8856.260742,8883.007812,10734.413086,6724.913574,1006.168213,8253.064453,3643.081787,5077.197754,7560.510254,8246.000977,540.876160,10691.097656,10455.918945,6041.419922,4713.500977,9412.597656,2189.326660,5903.134766,5653.441406,11248.816406,9267.806641,4818.583008,2474.284424,7352.337891,9269.775391,3248.864746,4958.451172,6637.402344,10443.972656,4836.686523,11019.354492,1804.882690,3359.672363,4623.059082,7734.912598,7026.817383,8993.789062,3499.847168
5318.732422,2087.448975,10046.987305,5610.637207,7048.687500,4104.653809,7279.282715,10465.388672,10741.014648,1370.112793,3193.148193,1048.485229,6953.853027,8103.372070,3908.034668,1852.058105,6767.909180,4220.435547,3099.396484,9287.234375,5618.618652,5713.187500,13396.366211,6408.871094,7243.759766,9632.030273,9880.541016,8380.816406,5806.605957,4606.146484,0.000000,4630.371582,3752.004395,11947.611328,13836.988281,14203.356445,11764.591797,12332.725586,9693.250000,6930.737793,10796.428711,9441.222656,9314.916992,1837.753418,11980.894531,982.672485,10702.717773,9463.833008,15110.608398,11124.534180,9007.531250,5134.227539,5544.483398,7311.710449,4948.537109,12698.131836,9588.801758,8245.898438,13953.926758,8694.395508,8792.880859,2567.721191,4491.949707,7635.641602,9779.239258,9756.601562,7141.640625,5605.115234,10990.885742,8067.979004,8785.642578,3441.648926,5462.558594,4671.000000,7897.535645,11980.638672,9634.902344,8236.700195,13701.977539,2787.442139,8677.248047,9438.446289,12240.657227,8407.449219,6183.356445,3350.500000,11787.913086,13604.820312,3504.296387,630.208496,8950.218750,12811.736328,9108.908203,14732.679688,3279.773682,7932.231445,6707.113770,9992.923828,11609.574219,6707.988281,8006.716797
9940.773438,6655.770020,13975.601562,9848.041992,9863.293945,6597.105469,7673.380859,15075.349609,14312.659180,5329.613770,7291.099609,4418.910645,11574.343750,9394.453125,850.752502,6379.829102,10954.871094,6766.651367,6607.225586,12730.738281,10243.668945,8972.534180,17654.214844,10741.470703,8279.455078,13634.694336,13896.714844,9407.432617,9577.131836,9038.148438,4630.371582,0.000000,5622.497070,16386.189453,18196.833984,18551.912109,16095.717773,16948.949219,14319.043945,9809.639648,13390.197266,12755.419922,11110.195312,6040.708496,15270.811523,5234.649414,14189.091797,14077.321289,19707.505859,15402.590820,13630.066406,7821.679688,7098.436035,8658.810547,4474.150879,16604.283203,14106.673828,10714.657227,18422.052734,13066.291016,13320.468750,2691.897217,8320.200195,10453.016602,13605.541016,12416.293945,8540.657227,9992.269531,15436.509766,12170.759766,12285.955078,4412.770020,7410.426270,9197.332031,9072.425781,15958.206055,12965.066406,11670.632812,18311.695312,7413.121582,11525.042969,12933.845703,15944.788086,11356.428711,8670.392578,7094.930664,15768.514648,18204.568359,8002.093262,4596.275391,11409.083008,17095.906250,13708.450195,19338.320312,7900.737793,12397.219727,9508.771484,12237.765625,15839.881836,8791.090820,12194.141602
