0.0,6667.926758,6636.014648,5335.179199,9998.651367,9886.291992,5701.928223,4246.984375,5144.801270,9618.117188,4349.301270,8865.718750,3727.065430,6332.541016,8922.708984,4002.261230,4065.367676,5480.092285,7768.322266,3264.394775,6912.697266,6696.486816,9251.369141,3483.493408,9869.646484,7008.472168,8193.058594,1756.589111,5082.088867,9162.119141,9958.207031,6648.377930,4734.202148,7837.374023,3300.823730,5941.003906,1207.407959,2341.257324,5988.633789,5007.883301,3615.467529,6062.191895,5648.870117,3322.090088,4700.594727,9714.835938,8588.262695,9809.105469,2796.732910,6959.673340,8033.072754,9827.577148,9297.099609,2739.324219,8855.157227,5885.549316,8845.965820,6585.236816,7355.631348,6555.878418,8167.237793,6254.598145,3896.006592,9266.035156,5660.165039,6996.502441,9644.958984,3250.266846,3640.580322,4759.550293,2211.374512,6745.152832,5326.199707,3512.048340,3482.391846,8799.609375,9299.641602,2357.333740,6793.501953,5446.967773,6322.057129,9825.421875,9142.752930,6151.401367,7603.793457,4610.736328,2379.267822,6909.106445,7399.271973,6715.992188,8619.193359,5182.372559,8005.753906,6918.791016,4343.684082,8366.011719,9483.285156,4945.057617,3380.916504,6331.311523,9488.745117
6667.926758,0.000000,11851.584961,11962.779297,13832.676758,16399.326172,10752.444336,7192.021484,11638.300781,3131.823486,10594.766602,10783.583984,8096.456055,2742.806152,13666.959961,10186.534180,7287.607422,9654.156250,5378.085938,7693.636230,2558.225830,12055.821289,3888.038330,9885.225586,9860.885742,13481.175781,1584.391724,5202.847168,1685.072876,14955.064453,5052.238770,7750.139160,11247.334961,14313.735352,9484.200195,6757.550293,7598.787109,5883.015625,1438.729004,10911.187500,8577.601562,12408.000000,7310.659180,6432.559082,7856.802246,4263.844727,14642.622070,16472.669922,6727.121582,7539.525391,1732.225098,15202.154297,15440.627930,4107.749023,12872.025391,12545.439453,6663.331543,9021.376953,13826.781250,7469.906738,2309.584229,9410.393555,8847.805664,7564.392090,2006.825806,6695.921387,12854.009766,3960.087402,9276.256836,5461.625000,8217.276367,12958.370117,8020.243652,8682.680664,10033.038086,7742.705078,6229.660645,4702.951172,13460.142578,3501.508545,12980.543945,3443.394043,15810.545898,12347.743164,5825.311523,9752.397461,5897.987305,11729.250000,13020.422852,7309.032715,11356.030273,8499.064453,11468.557617,10008.592773,4386.217773,8553.477539,6646.844238,11597.155273,6727.411621,11826.409180,4764.358398
6636.014648,11851.584961,0.000000,4698.317383,14736.025391,6200.688965,1100.021118,10637.781250,7183.498535,14979.456055,7717.492188,5613.119141,9661.198242,12530.935547,12979.744141,7740.524414,10410.566406,10956.592773,9587.027344,9339.615234,13010.126953,10590.007812,15261.724609,3838.075684,16348.648438,8163.099609,13416.867188,8261.579102,10195.166016,3266.532959,16159.801758,6110.697266,3859.029053,4539.675293,7526.402832,12524.727539,5457.076172,8965.988281,11767.603516,2019.395142,9184.925781,3141.128418,5615.498047,9856.617188,4313.159668,13073.369141,3391.271484,7678.488281,5143.730469,13507.029297,12568.327148,12833.199219,10834.582031,8956.945312,13641.594727,6120.397949,15463.629883,4539.767578,4240.217285,13082.937500,13904.042969,12137.766602,3041.822510,15901.993164,11637.378906,13621.630859,14900.766602,9604.464844,2995.512207,6862.694336,4426.832520,2797.906738,4534.976074,8951.906250,4314.777832,8796.284180,10838.953125,7363.930664,6267.854980,8899.342773,6329.101074,14077.999023,7563.195312,8666.822266,14217.569336,9572.461914,9002.021484,11395.430664,10651.736328,13276.961914,4486.606934,11226.280273,3272.675537,12703.785156,7642.075684,7393.064453,16065.094727,4956.688477,9847.775391,10158.019531,12314.643555
5335.179199,11962.779297,4698.317383,0.000000,10383.597656,4625.933105,4676.576172,7893.773926,2660.351562,14951.351562,3593.612793,9843.762695,6567.796875,11572.197266,8477.969727,3797.683350,7632.826172,7281.046387,11808.207031,6449.894043,12180.083008,6181.985840,14514.076172,2302.753906,13318.251953,3475.440430,13509.772461,7014.761719,10327.436523,5212.937500,15126.951172,9176.366211,1042.964233,2710.847412,3954.019043,10003.350586,4376.557129,7044.284180,11321.982422,2928.059082,5903.400879,1778.510864,8308.809570,7494.242188,6793.772461,14555.821289,4258.471191,4554.711426,6084.343750,10798.035156,13213.726562,8153.302246,6177.226562,8062.189941,9356.905273,1433.269043,13420.859375,8087.159668,2285.770752,10350.299805,13493.674805,8637.212891,4749.156738,13605.630859,10976.090820,11234.988281,10775.136719,8512.998047,3764.781006,8590.332031,3994.883057,2555.839111,7367.298828,5636.818359,1970.276978,11903.278320,13294.942383,7357.846191,1862.245605,10097.653320,1711.201782,14967.227539,3995.004639,4063.383545,12250.262695,5798.798340,7062.566406,7136.120117,6067.140625,10623.834961,8924.713867,7980.031738,7792.308594,9067.982422,8785.897461,10836.041992,14186.170898,495.242340,7351.616211,5768.364258,14104.871094
9998.651367,13832.676758,14736.025391,10383.597656,0.000000,13485.168945,14283.763672,6756.103027,7723.377441,15361.741211,7018.683594,18650.294922,6405.831543,11495.933594,2135.339600,7023.270508,6735.356934,4579.447754,17301.603516,6902.311523,12053.822266,4201.707520,13536.225586,10988.715820,6864.815430,7682.886230,14687.973633,9893.989258,13064.500000,15527.208008,13273.916992,16645.103516,10956.778320,12498.959961,7376.329102,7270.887207,10513.721680,8681.331055,12439.161133,12721.619141,6384.351074,12159.326172,15642.961914,7714.557617,14572.042969,18006.335938,14500.410156,11656.189453,12763.879883,6883.476074,15564.891602,3924.275635,6559.062012,10570.480469,1148.614868,9242.354492,9782.486328,16421.736328,12271.960938,6726.320312,13651.697266,4426.905273,13167.746094,9195.066406,11857.928711,7920.329102,1438.637451,10283.863281,12394.321289,14642.312500,11308.355469,12935.576172,15225.375000,6493.028809,10459.275391,18707.886719,18750.626953,11856.723633,9738.304688,14686.910156,9304.663086,17197.119141,10854.306641,6414.134277,9417.808594,5469.640137,8644.892578,3348.387451,4523.335938,7008.504395,18154.449219,5417.242188,17271.203125,3829.094971,13958.369141,18363.785156,10634.200195,9979.468750,7450.579102,4619.480469,18226.041016
9886.291992,16399.326172,6200.688965,4625.933105,13485.168945,0.000000,6958.422852,12403.510742,6464.071289,19451.162109,7730.652832,11737.666016,11020.892578,16179.449219,11370.654297,8051.108887,12141.288086,11400.285156,15408.646484,10967.940430,16779.402344,9545.683594,19117.033203,6514.159180,17588.410156,5820.770996,17969.972656,11604.226562,14730.672852,3829.156250,19749.496094,12182.411133,5166.136719,2090.792969,8393.516602,14520.471680,8824.982422,11669.866211,15863.543945,5825.564941,10320.960938,4049.329834,11532.780273,12085.355469,10058.815430,18569.085938,3000.630127,2283.595215,10030.625977,15248.073242,17520.673828,10239.925781,7494.255859,12625.609375,12652.909180,4805.863770,17990.296875,10700.553711,2576.388916,14802.488281,18049.855469,12797.913086,8156.719238,18124.294922,15546.425781,15762.967773,14231.738281,13107.609375,7382.549805,12350.982422,8199.967773,3713.232422,10460.335938,10056.638672,6408.523926,14924.440430,16781.628906,11710.802734,3979.780518,14143.520508,4529.652832,19216.853516,2823.830811,7275.869141,16839.562500,9958.750000,11687.857422,10656.488281,8974.631836,15094.295898,10521.629883,12309.508789,9299.942383,13114.628906,12809.999023,13573.189453,18773.931641,5087.708984,11925.874023,9221.945312,17969.404297
5701.928223,10752.444336,1100.021118,4676.576172,14283.763672,6958.422852,0.000000,9807.190430,6937.576172,13879.846680,7293.614258,5208.197754,8915.921875,11470.331055,12623.531250,7260.647461,9589.977539,10317.087891,8596.133789,8562.622070,11939.574219,10208.443359,14180.232422,3295.412598,15508.377930,8134.690918,12317.054688,7271.536621,9097.852539,4324.661133,15090.591797,5228.035156,3705.863281,5121.530273,6958.636719,11631.608398,4558.668457,8042.862305,10683.035156,1751.488281,8491.098633,3417.107666,4640.534180,8978.354492,3267.281738,12023.929688,4322.219238,8211.699219,4051.160400,12633.427734,11473.313477,12652.155273,10849.028320,7921.094238,13167.208008,6105.166504,14483.460938,3764.717529,4749.973633,12217.442383,12812.702148,11436.399414,1967.864624,14950.340820,10563.567383,12698.099609,14352.103516,8577.313477,2101.786865,5791.101074,3521.297607,3329.137939,3555.421143,8272.006836,3834.883057,7966.133301,9894.143555,6286.855957,6415.147949,7812.566895,6378.196777,12994.291016,7991.891113,8435.771484,13236.292969,8987.596680,8080.508789,10935.558594,10377.106445,12396.578125,4248.159668,10481.684570,3135.788086,12028.386719,6547.424316,6641.617188,15063.970703,4831.980957,8990.708008,9774.369141,11290.503906
4246.984375,7192.021484,10637.781250,7893.773926,6756.103027,12403.510742,9807.190430,0.000000,6142.513184,9199.771484,4831.285645,13024.041992,1431.237793,5212.801758,6481.866699,4446.756348,262.229675,2481.948975,10643.795898,1443.888184,5848.241211,5117.646484,7851.944824,6976.233887,5710.880371,7644.118652,8245.128906,3395.212158,6311.550781,12703.340820,8057.333496,10547.525391,7787.566406,10602.570312,4012.710205,2117.043701,5269.008789,2157.218262,5869.228027,8782.833984,2149.595459,9254.849609,9593.766602,1050.998779,8867.299805,11282.712891,11930.029297,11572.372070,6921.765625,2937.300537,8914.033203,8123.658691,8881.921875,3865.207275,5728.810059,7657.984863,5624.331543,10741.860352,10177.293945,2494.021240,7471.372559,2386.603760,8111.669434,5722.075195,5300.452637,3360.128906,5990.573730,3529.861084,7705.560547,8263.956055,6296.987305,10051.738281,9458.853516,2396.647705,6682.535645,12259.215820,12052.700195,5410.355469,8578.679688,8000.647461,8010.753418,10620.063477,10759.206055,6148.257324,4553.360352,3013.955078,2114.417236,4596.488281,6166.060547,2742.531738,12851.250000,1339.155273,12251.835938,3061.061768,7419.981445,12158.734375,6451.259277,7401.500000,883.969971,4993.691895,11471.436523
5144.801270,11638.300781,7183.498535,2660.351562,7723.377441,6464.071289,6937.576172,6142.513184,0.000000,14381.711914,1314.514160,11872.803711,4714.814941,10648.445312,5834.765625,1698.588013,5885.279785,4938.135254,12664.268555,4774.361816,11292.671875,3521.976807,13552.761719,3799.825195,11125.188477,1864.387573,13079.531250,6436.349121,10147.647461,7835.024902,13978.174805,10650.986328,3325.829590,4985.985840,2262.894775,8229.971680,4713.542480,5994.820801,10720.416016,5232.892090,3996.048096,4437.423340,9687.337891,6060.529785,8274.614258,14858.526367,6837.613770,5430.148926,7000.217285,8866.880859,13114.440430,5719.846191,4323.239746,7534.555664,6703.424316,1682.212402,11763.861328,9873.828125,4675.521973,8427.223633,12775.162109,6334.771973,6391.206055,11799.262695,10273.754883,9474.204102,8149.049316,7797.804199,5432.380859,9468.673828,4926.376953,5213.003418,8917.106445,3745.867188,3234.000732,13228.903320,14198.222656,7488.090332,2500.690674,10536.516602,1938.043335,14917.300781,4618.223633,1498.201782,10687.232422,3497.150879,5997.302734,4498.359863,3468.275879,8734.602539,11108.499023,5875.892578,10062.453125,6672.561523,9337.390625,12394.257812,12593.587891,2272.525391,5840.946289,3110.892578,14600.651367
9618.117188,3131.823486,14979.456055,14951.351562,15361.741211,19451.162109,13879.846680,9199.771484,14381.711914,0.000000,13244.276367,13554.203125,10363.667969,3988.286377,15578.703125,12826.835938,9361.364258,11659.760742,7593.523926,10040.095703,3364.780762,14295.194336,2295.022461,12943.361328,10134.098633,16181.431641,1566.350098,8010.098145,4809.698242,18086.365234,3363.556885,10567.284180,14286.711914,17373.337891,12154.449219,8095.731445,10627.202148,8421.722656,3667.815674,14030.647461,10951.328125,15490.325195,10256.218750,8684.489258,10931.923828,4822.254883,17764.029297,19409.908203,9858.898438,8557.539062,2899.947998,17317.494141,17917.304688,6921.861816,14538.111328,15428.475586,6488.811523,11966.917969,16886.667969,8651.238281,1734.454834,11091.118164,11979.521484,7416.984863,4113.679199,7546.169434,14194.188477,6585.927246,12398.693359,8458.505859,11303.653320,16061.375977,11046.945312,11104.540039,13054.749023,10009.332031,7932.037598,7804.060059,16361.325195,6394.678223,15858.040039,2924.951904,18715.152344,14921.721680,6200.042480,12066.126953,8425.625000,13783.601562,15321.267578,8393.219727,14248.635742,10374.032227,14462.017578,11585.501953,7444.699707,11092.018555,6057.288086,14562.093750,8969.686523,14129.702148,5819.601562
4349.301270,10594.766602,7717.492188,3593.612793,7018.683594,7730.652832,7293.614258,4831.285645,1314.514160,13244.276367,0.000000,11946.001953,3402.066406,9444.874023,5342.434082,418.816071,4575.050293,3721.252441,12072.446289,3479.609863,10093.175781,2921.444092,12325.321289,4005.383545,9867.123047,2946.292480,11990.110352,5409.206543,9172.854492,8797.556641,12714.444336,10407.480469,3980.628906,6140.631348,1112.198975,6915.591797,4209.130371,4823.926270,9601.377930,5703.182129,2683.046387,5298.466797,9414.564453,4791.796387,8100.666992,14006.510742,7851.870605,6743.417480,6593.049805,7558.096680,12131.243164,5705.519043,4956.976562,6491.479492,5927.753906,2924.796143,10450.599609,9827.962891,5786.063477,7117.251953,11607.786133,5104.276855,6394.146973,10485.850586,9130.626953,8159.713867,7250.905273,6686.795898,5517.931641,8950.208008,4688.111816,6109.791016,8759.657227,2435.402588,3458.736084,12861.055664,13608.807617,6700.468262,3796.753418,9795.910156,3228.952393,13936.134766,5927.945801,1806.408569,9379.808594,2247.252686,4821.624023,3680.053223,3271.132324,7422.842773,11305.568359,4581.939941,10344.465820,5493.749512,8672.595703,12165.887695,11282.492188,3125.704346,4560.638672,2488.288086,13828.213867
8865.718750,10783.583984,5613.119141,9843.762695,18650.294922,11737.666016,5208.197754,13024.041992,11872.803711,13554.203125,11946.001953,0.000000,12582.620117,12599.656250,17240.419922,11805.400391,12873.615234,14277.090820,6288.624512,12128.534180,12842.876953,14832.845703,14661.898438,8073.440918,18356.800781,13252.540039,12076.196289,9758.508789,9512.842773,8259.314453,15791.777344,3036.647949,8832.820312,10152.600586,11325.492188,14360.819336,8151.630859,10909.529297,11387.301758,6925.504883,12379.443359,8607.086914,3675.410889,12012.623047,4167.072754,10057.549805,8783.968750,13290.552734,6104.553711,15421.323242,10695.366211,17562.201172,15974.787109,9844.285156,17503.400391,11254.835938,16370.599609,2283.783936,9841.263672,15078.336914,13092.482422,15120.307617,5552.065918,17062.806641,11538.483398,15152.380859,18451.566406,10503.046875,6456.058594,5497.906250,7351.519043,8394.942383,3565.625732,12223.535156,8640.402344,4360.121094,6918.536621,7924.804688,11618.068359,7282.331543,11554.412109,11656.957031,13146.666016,13349.349609,15187.103516,13183.071289,10952.866211,15370.109375,15185.433594,15156.803711,1301.057617,14044.912109,2458.438477,15783.015625,6651.015137,2803.952148,16712.589844,9941.050781,12140.130859,14407.520508,9024.052734
3727.065430,8096.456055,9661.198242,6567.796875,6405.831543,11020.892578,8915.921875,1431.237793,4714.814941,10363.667969,3402.066406,12582.620117,0.000000,6410.768555,5700.802246,3022.323975,1179.179932,1826.481323,10926.462891,496.495300,7059.180176,3967.474609,9163.951172,5886.341309,6814.312500,6221.641602,9292.013672,3513.180664,6988.869629,11508.627930,9435.734375,10335.470703,6553.569336,9264.853516,2632.559326,3520.427734,4520.762207,2360.446777,6875.406738,7729.606934,719.058472,8015.913574,9345.812500,1687.085693,8422.813477,12005.550781,10688.621094,10144.938477,6522.236328,4236.457031,9778.179688,7107.907227,7581.022949,4315.130859,5288.699219,6251.518066,7049.077637,10306.139648,8853.061523,3789.128906,8655.992188,2561.162109,7374.387207,7111.184570,6334.195312,4766.338379,5933.606934,4192.894043,6830.430664,8244.541992,5491.380859,8825.658203,9052.560547,972.322205,5526.727051,12307.021484,12399.490234,5451.506348,7164.083008,8343.877930,6595.378418,11538.715820,9329.790039,4747.994141,5984.387695,1702.816895,2330.515869,3688.202881,4966.057129,4074.438232,12274.960938,1566.719604,11566.584961,3206.372803,7556.962402,12022.769531,7880.988281,6072.815918,1396.480835,3770.729004,12073.230469
6332.541016,2742.806152,12530.935547,11572.197266,11495.933594,16179.449219,11470.331055,5212.801758,10648.445312,3988.286377,9444.874023,12599.656250,6410.768555,0.000000,11606.208008,9026.239258,5379.085938,7671.944824,7882.977051,6117.666504,651.299683,10317.154297,2943.767578,9811.737305,7118.382324,12390.651367,3202.973877,4584.736816,3173.367920,15373.283203,3649.914795,9600.769531,11056.439453,14153.918945,8389.103516,4247.054688,7486.933594,4660.220703,1401.133789,11203.218750,7027.282715,12393.399414,8947.950195,4750.589844,9073.523438,6949.782715,14878.841797,15871.733398,7488.851562,4902.117188,4342.847168,13329.281250,13987.985352,3640.394043,10620.357422,11848.134766,4022.767822,10581.040039,13675.529297,4895.002930,2258.632080,7151.164062,9502.560547,4885.679688,1067.570068,3996.990723,10406.601562,3082.680420,9656.079102,7101.774902,8352.891602,13061.297852,9409.279297,7198.654297,9803.385742,10131.220703,8891.384766,5207.842773,12796.030273,5565.550293,12263.800781,5777.123535,15130.223633,11054.211914,3092.704102,8112.346680,4655.028809,9795.651367,11350.945312,4691.708496,12952.811523,6392.765625,12831.940430,7681.061523,5948.695801,10707.061523,4170.790527,11138.875000,5027.262695,10163.447266,7505.944336
8922.708984,13666.959961,12979.744141,8477.969727,2135.339600,11370.654297,12623.531250,6481.866699,5834.765625,15578.703125,5342.434082,17240.419922,5700.802246,11606.208008,0.000000,5440.163574,6379.447754,4013.689697,16543.339844,6173.067871,12215.308594,2421.342285,13972.979492,9344.969727,8227.197266,5591.932617,14712.262695,9176.195312,12670.566406,13543.329102,13892.593750,15473.338867,9141.652344,10456.777344,5929.340820,7590.734375,9228.591797,8060.890625,12350.254883,10988.310547,5446.514160,10255.172852,14467.195312,7269.985352,13273.762695,17684.468750,12499.894531,9521.331055,11577.946289,7497.714355,15381.627930,2098.516113,4473.057129,10015.873047,1635.295654,7256.013672,10618.818359,15070.701172,10255.382812,7226.415527,13844.671875,4531.857910,11696.071289,10184.475586,11779.385742,8498.734375,3200.550293,9860.883789,10850.004883,13674.038086,9904.725586,11007.397461,13934.767578,5472.641602,8792.426758,17722.316406,18041.148438,11014.627930,7684.474121,14007.173828,7279.578125,17100.505859,8721.475586,4431.457520,10021.917969,4327.300781,8031.273438,2038.088013,2459.435303,7550.856445,16640.605469,5218.844238,15686.822266,4171.719238,13126.415039,17221.908203,11505.283203,8107.179688,6979.657715,2854.145996,17773.697266
4002.261230,10186.534180,7740.524414,3797.683350,7023.270508,8051.108887,7260.647461,4446.756348,1698.588013,12826.835938,418.816071,11805.400391,3022.323975,9026.239258,5440.163574,0.000000,4188.663574,3483.368164,11750.321289,3077.493896,9674.468750,3027.449219,11908.071289,3965.451416,9574.684570,3365.098633,11576.444336,5007.644531,8775.279297,8970.575195,12302.385742,10178.903320,4085.297119,6404.895996,717.674500,6541.798340,3944.564453,4405.955566,9185.586914,5721.194336,2305.213623,5453.445312,9180.759766,4379.684570,7900.066895,13627.148438,8049.032227,7126.144043,6334.325684,7209.241699,11730.702148,5943.400879,5332.400879,6085.901855,5911.306641,3251.782471,10070.226562,9657.870117,6032.664551,6766.110352,11189.212891,4845.480957,6257.109863,10123.059570,8713.256836,7787.291992,7171.895508,6272.649902,5415.138672,8652.125000,4496.489746,6270.732910,8560.945312,2050.938477,3439.605225,12593.831055,13285.455078,6343.784180,4147.963867,9443.010742,3578.938232,13535.252930,6316.670898,2185.750732,8988.857422,2001.212769,4403.422363,3674.945312,3496.849365,7066.881348,11204.626953,4261.741699,10273.217773,5271.387695,8339.145508,11937.481445,10896.862305,3315.093018,4151.979980,2603.098389,13464.444336
4065.367676,7287.607422,10410.566406,7632.826172,6735.356934,12141.288086,9589.977539,262.229675,5885.279785,9361.364258,4575.050293,12873.615234,1179.179932,5379.085938,6379.447754,4188.663574,0.000000,2366.766602,10615.683594,1183.073975,6019.234375,4938.874512,8054.439941,6733.701660,5940.643555,7398.591797,8376.284180,3306.873779,6354.105957,12452.938477,8282.227539,10431.587891,7532.460449,10341.329102,3750.674316,2379.272705,5062.278809,2059.975830,5986.394043,8545.617188,1895.546875,8999.804688,9470.591797,990.817810,8711.846680,11343.480469,11675.310547,11314.703125,6769.125000,3190.598877,9003.095703,7978.460938,8674.307617,3846.602295,5687.413086,7396.730957,5883.886230,10590.252930,9916.649414,2745.888916,7637.027832,2421.357178,7912.768555,5984.260742,5423.064941,3622.252930,6020.640625,3554.189453,7488.215332,8176.939453,6085.895996,9797.953125,9310.200195,2139.735107,6433.439941,12189.897461,12038.397461,5324.502930,8318.192383,7979.573730,7750.403809,10723.309570,10502.655273,5911.565430,4806.423828,2794.736572,2018.303345,4462.300293,5979.203125,2999.598389,12680.084961,1334.122925,12064.319336,3104.094971,7358.775879,12057.364258,6708.354004,7140.375000,765.073792,4799.560547,11507.101562
5480.092285,9654.156250,10956.592773,7281.046387,4579.447754,11400.285156,10317.087891,2481.948975,4938.135254,11659.760742,3721.252441,14277.090820,1826.481323,7671.944824,4013.689697,3483.368164,2366.766602,0.000000,12742.678711,2322.976562,8298.560547,2800.359863,10206.190430,7119.290039,6201.678711,5995.550781,10727.027344,5327.919434,8678.386719,12439.274414,10285.880859,12121.211914,7508.659668,9861.849609,3467.226318,3959.968018,6138.925781,4138.928223,8348.090820,8960.889648,1898.548828,8915.874023,11125.439453,3267.536865,10138.897461,13685.074219,11530.242188,10179.738281,8272.377930,4255.370605,11367.940430,5658.662598,6692.517090,6070.538574,3464.143799,6612.956543,7393.765137,12013.914062,9504.423828,3862.390869,9927.232422,1398.506470,8934.001953,7219.395508,7781.181641,5090.660645,4175.795410,5867.000000,8285.247070,10066.750977,7039.219727,9735.208984,10780.258789,2074.025635,6671.886230,14130.894531,14207.541992,7277.894043,7425.477051,10146.784180,6870.761719,13089.970703,9335.862305,4397.910645,6535.698242,1482.380249,4104.997070,2123.931152,3871.553223,4199.643555,13897.226562,1339.305908,13119.548828,1792.334717,9382.159180,13822.191406,8278.317383,6797.749512,2981.516113,2792.760742,13808.828125
7768.322266,5378.085938,9587.027344,11808.207031,17301.603516,15408.646484,8596.133789,10643.795898,12664.268555,7593.523926,12072.446289,6288.624512,10926.462891,7882.977051,16543.339844,11750.321289,10615.683594,12742.678711,0.000000,10433.406250,7869.786621,14427.731445,9133.978516,9509.595703,14760.496094,14467.637695,6278.537109,7414.932129,4833.249023,12840.409180,10338.916992,3685.392090,10825.468750,13404.035156,11061.336914,11102.765625,7951.332520,8620.633789,6486.772461,9598.677734,11098.217773,11454.571289,3972.252441,9624.912109,5362.132812,3786.414062,12918.086914,16223.820312,5754.953125,12076.735352,4699.047363,17586.916016,16956.013672,6779.250000,16204.483398,12893.985352,11905.529297,5362.014160,12955.523438,11872.875977,7560.123047,13028.758789,7278.193359,12760.953125,6876.139160,11446.609375,16633.025391,7194.731445,8155.453613,3231.321045,7894.517090,11695.507812,5052.464844,11074.409180,9923.499023,2422.410156,1536.934937,5532.173828,13629.716797,2651.555664,13309.769531,5394.792480,15773.086914,13848.215820,10920.347656,12227.920898,8657.434570,14505.426758,15166.032227,11815.272461,7248.707031,11949.655273,7832.761230,13704.845703,3433.768066,3591.302002,11982.882812,11629.729492,9871.869141,14079.450195,2822.099365
3264.394775,7693.636230,9339.615234,6449.894043,6902.311523,10967.940430,8562.622070,1443.888184,4774.361816,10040.095703,3479.609863,12128.534180,496.495300,6117.666504,6173.067871,3077.493896,1183.073975,2322.976562,10433.406250,0.000000,6768.607910,4363.499023,8924.540039,5607.239258,7053.990234,6372.603516,8926.860352,3022.363525,6542.452637,11293.293945,9253.814453,9852.573242,6359.938477,9158.740234,2588.140625,3557.347656,4111.032715,1892.960449,6506.340332,7437.124512,911.469238,7827.033691,8865.285156,1368.058472,7964.722656,11556.820312,10502.949219,10191.952148,6054.208984,4365.695312,9361.114258,7530.152832,7878.428223,3849.494873,5784.873047,6242.421387,7035.129395,9849.180664,8733.583008,3919.220215,8346.324219,2994.161377,6972.725098,7162.697754,5977.071289,4796.317871,6418.120117,3762.535645,6467.470703,7749.537109,5102.424316,8628.590820,8589.894531,1089.020996,5281.896973,11811.360352,11909.015625,4955.052246,7171.976562,7855.720703,6606.139648,11131.625000,9389.512695,4956.308105,5923.920898,2059.892822,1865.683838,4150.531738,5333.173828,4180.282715,11844.136719,1946.317871,11158.625977,3654.627441,7060.942383,11535.052734,7843.587402,5957.625000,1103.483643,4137.063477,11606.348633
6912.697266,2558.225830,13010.126953,12180.083008,12053.822266,16779.402344,11939.574219,5848.241211,11292.671875,3364.780762,10093.175781,12842.876953,7059.180176,651.299683,12215.308594,9674.468750,6019.234375,8298.560547,7869.786621,6768.607910,0.000000,10958.087891,2339.044678,10383.037109,7408.400879,13039.211914,2713.308594,5175.888184,3337.180176,15898.402344,3151.329102,9822.360352,11644.363281,14745.324219,9034.613281,4786.131836,8050.639648,5301.026367,1461.806152,11734.675781,7678.012695,12966.027344,9220.006836,5401.322754,9439.289062,6625.338867,15427.065430,16500.986328,7926.099121,5367.349121,4013.578857,13957.156250,14637.604492,4194.055176,11199.405273,12479.146484,4106.419434,10880.942383,14265.265625,5398.158691,1630.363647,7739.362305,9972.750000,5013.817871,1383.258667,4414.986328,10934.967773,3671.958008,10168.834961,7356.861328,8891.620117,13622.000000,9741.192383,7849.887207,10391.372070,10177.692383,8785.059570,5655.553711,13426.204102,5688.826172,12896.517578,5321.792969,15763.654297,11705.401367,3334.903564,8760.140625,5296.821289,10422.463867,11994.546875,5172.591797,13253.044922,7009.309082,13184.943359,8252.150391,6205.641113,10842.924805,4113.270508,11751.522461,5677.328613,10808.362305,7260.328125
6696.486816,12055.821289,10590.007812,6181.985840,4201.707520,9545.683594,10208.443359,5117.646484,3521.976807,14295.194336,2921.444092,14832.845703,3967.474609,10317.154297,2421.342285,3027.449219,4938.874512,2800.359863,14427.731445,4363.499023,10958.087891,0.000000,12953.251953,6925.515137,8576.707031,3759.969971,13257.048828,7206.721191,10879.218750,11340.396484,13074.754883,13141.125977,6774.976562,8371.973633,3556.996582,6760.182617,6884.627441,6222.494141,10842.158203,8588.509766,3500.148926,7957.660645,12137.213867,5651.682129,10901.951172,15879.328125,10324.791016,7969.226074,9259.354492,7008.976074,13723.713867,3196.409912,3903.951416,8156.049316,3196.458740,5074.363770,10171.468750,12678.833008,8115.590332,6635.730469,12574.195312,3965.092773,9284.083984,9943.122070,10297.829102,7881.371094,4709.268066,8122.612305,8430.236328,11452.492188,7512.841309,8734.802734,11563.425781,3441.841309,6375.009277,15467.681641,15946.901367,8905.625000,5653.633301,11969.312500,5177.833008,15494.970703,7127.495605,2287.068848,9335.699219,2312.614014,6200.664062,1130.318115,1071.218994,6974.779297,14220.603516,4133.551758,13265.893555,3985.445801,10994.286133,14896.284180,11059.952148,5779.665527,5358.509277,434.075409,15864.568359
9251.369141,3888.038330,15261.724609,14514.076172,13536.225586,19117.033203,14180.232422,7851.944824,13552.761719,2295.022461,12325.321289,14661.898438,9163.951172,2943.767578,13972.979492,11908.071289,8054.439941,10206.190430,9133.978516,8924.540039,2339.044678,12953.251953,0.000000,12719.051758,7927.783203,15264.438477,2921.021240,7514.496094,5251.574707,18200.117188,1213.878662,11625.808594,13983.396484,17084.328125,11289.997070,6383.066895,10384.620117,7584.985352,3501.786133,14045.283203,9821.348633,15302.046875,11138.401367,7562.556152,11531.288086,6914.755859,17749.076172,18809.271484,10139.091797,6654.674805,4580.068359,15828.724609,16728.460938,6527.921387,12799.347656,14784.347656,4256.421387,12837.713867,16604.308594,6823.455078,1587.234863,9441.272461,12219.913086,5168.104492,3648.019531,5618.708984,12292.740234,6010.413574,12463.950195,9271.513672,11210.777344,15952.557617,11770.059570,10013.494141,12730.415039,11542.652344,9739.651367,7898.774902,15733.016602,7381.678711,15197.666016,5136.786133,18062.337891,13880.848633,4157.321777,10843.808594,7577.305176,12309.562500,14011.026367,6529.975586,15192.875000,8875.252930,15230.461914,9859.922852,8149.909180,12429.534180,3769.829102,14082.221680,7821.294434,12845.001953,7811.846680
3483.493408,9885.225586,3838.075684,2302.753906,10988.715820,6514.159180,3295.412598,6976.233887,3799.825195,12943.361328,4005.383545,8073.440918,5886.341309,9811.737305,9344.969727,3965.451416,6733.701660,7119.290039,9509.595703,5607.239258,10383.037109,6925.515137,12719.051758,0.000000,12660.178711,5293.906250,11456.209961,5239.767090,8218.499023,5781.995605,13441.597656,7011.626953,1389.275391,4430.742676,3694.427002,8976.553711,2338.465576,5596.195312,9384.199219,1850.275879,5370.165039,2583.020508,6099.588867,6317.190918,4612.166504,12281.830078,5128.399414,6814.391113,3782.103760,9901.079102,11040.673828,9497.786133,7991.132324,6191.491699,9874.143555,3455.103760,12167.338867,6098.503418,3943.865723,9463.380859,11577.415039,8318.125977,2627.724609,12490.555664,9100.374023,10144.539062,11084.157227,6731.590332,1644.233276,6288.528809,1725.137329,3266.956055,5224.643555,5130.202637,567.938904,9694.811523,11002.219727,5203.203613,4124.940918,7820.801270,3845.699707,12767.520508,6292.064941,5277.941406,10943.720703,5738.455566,5624.847168,7640.393555,7154.656250,9688.700195,7340.158203,7440.713379,6345.190430,8872.595703,6500.755859,8719.384766,12857.998047,2138.229248,6255.574219,6491.761230,11809.513672
9869.646484,9860.885742,16348.648438,13318.251953,6864.815430,17588.410156,15508.377930,5710.880371,11125.188477,10134.098633,9867.123047,18356.800781,6814.312500,7118.382324,8227.197266,9574.684570,5940.643555,6201.678711,14760.496094,7053.990234,7408.400879,8576.707031,7927.783203,12660.178711,0.000000,12147.888672,10047.546875,8624.076172,9930.101562,18322.906250,7261.666504,15624.218750,13365.672852,15974.978516,9368.281250,4000.847412,10955.529297,7571.150879,8472.735352,14482.659180,7431.093262,14825.038086,14755.835938,6548.724609,14286.761719,14032.899414,17493.531250,16363.203125,12357.481445,2942.908691,11419.906250,10325.695312,12322.074219,8553.365234,6638.098145,12787.295898,3674.512451,16108.949219,15589.040039,3319.548096,8668.606445,4804.965820,13765.035156,2801.295654,7979.780762,3324.504395,5428.594727,7930.695801,13408.329102,13148.193359,11990.134766,15637.190430,14822.386719,7695.376953,12330.515625,16808.791016,15913.587891,10446.715820,13620.961914,12207.484375,13062.449219,12648.358398,15517.057617,10549.280273,4075.831787,7629.800781,7529.564453,7500.808105,9542.838867,3203.887207,18337.042969,5338.557617,17838.583984,4604.405273,12102.192383,17058.683594,4317.874512,12824.209961,6518.558105,8742.889648,14624.254883
7008.472168,13481.175781,8163.099609,3475.440430,7682.886230,5820.770996,8134.690918,7644.118652,1864.387573,16181.431641,2946.292480,13252.540039,6221.641602,12390.651367,5591.932617,3365.098633,7398.591797,5995.550781,14467.637695,6372.603516,13039.211914,3759.969971,15264.438477,5293.906250,12147.888672,0.000000,14905.565430,8278.653320,12005.455078,8083.068359,15626.387695,12286.549805,4433.103027,4908.106445,4027.049316,9656.981445,6532.218262,7765.980957,12530.084961,6383.316895,5515.251953,5103.984375,11348.988281,7713.609863,9889.955078,16720.910156,7014.942383,4233.799316,8757.359375,10171.327148,14972.166016,4814.687988,2722.272949,9373.923828,6832.139160,2044.071899,13199.412109,11376.916016,4762.799805,9748.195312,14552.128906,7365.529785,7920.682617,13141.008789,12068.195312,10882.637695,8415.011719,9609.454102,6931.015625,11254.511719,6640.582520,5742.853516,10513.252930,5293.166504,4759.946289,14924.763672,15997.503906,9348.416992,2146.617920,12385.937500,1870.526855,16775.851562,3387.232178,1600.267456,12188.319336,4732.008301,7764.725098,4886.752930,3160.924805,10072.792969,12379.112305,7138.063965,11261.311523,7558.576660,11171.857422,14007.665039,14055.730469,3313.569336,7470.062500,3478.444092,16452.445312
8193.058594,1584.391724,13416.867188,13509.772461,14687.973633,17969.972656,12317.054688,8245.128906,13079.531250,1566.350098,11990.110352,12076.196289,9292.013672,3202.973877,14712.262695,11576.444336,8376.284180,10727.027344,6278.537109,8926.860352,2713.308594,13257.048828,2921.021240,11456.209961,10047.546875,14905.565430,0.000000,6654.455078,3269.451904,16533.792969,4133.984375,9068.308594,12812.589844,15886.382812,10886.413086,7449.885254,9157.833008,7201.351562,2420.842773,12495.533203,9830.207031,13986.687500,8719.708008,7605.727539,9367.944336,4106.458008,16226.751953,18001.886719,8302.938477,8076.946777,1659.110107,16352.127930,16764.318359,5555.230469,13791.572266,14049.768555,6559.105957,10432.530273,15399.417969,8091.921875,1475.043823,10315.458984,10422.743164,7497.313965,2959.832031,7127.956543,13609.506836,5303.995605,10860.393555,6907.065430,9796.130859,14541.503906,9491.663086,9960.007812,11591.393555,8699.650391,6819.990723,6284.286621,14972.913086,4859.768066,14482.915039,2613.744629,17326.275391,13711.432617,5980.395020,10981.019531,7210.677734,12837.656250,14254.721680,7877.143066,12732.037109,9496.170898,12916.549805,10865.372070,5881.385742,9688.229492,6330.561035,13134.634766,7898.570312,13058.202148,4924.704102
1756.589111,5202.847168,8261.579102,7014.761719,9893.989258,11604.226562,7271.536621,3395.212158,6436.349121,8010.098145,5409.206543,9758.508789,3513.180664,4584.736816,9176.195312,5007.644531,3306.873779,5327.919434,7414.932129,3022.363525,5175.888184,7206.721191,7514.496094,5239.767090,8624.076172,8278.653320,6654.455078,0.000000,3772.070068,10897.508789,8202.722656,7172.075684,6471.790039,9570.580078,4297.023438,4623.833496,2943.565918,1247.507324,4346.051270,6730.583496,3746.198730,7816.666016,6236.777832,2344.693359,5662.699707,8701.422852,10341.608398,11409.615234,3738.340088,5681.340332,6723.074707,10403.118164,10314.086914,1099.695068,8790.756836,7418.483887,7212.121582,7494.900879,9091.445312,5324.558594,6490.346191,5718.221680,5363.083496,7704.812500,3966.532715,5536.956055,9296.720703,1504.115723,5282.845215,4870.835449,3890.016846,8501.582031,6206.280273,3768.514160,5218.698242,8888.542969,8886.688477,2017.694336,8352.943359,4835.003418,7847.965820,8527.618164,10706.148438,7186.470703,5964.917480,4919.545898,1288.779907,7142.213867,8072.895508,5420.530762,9714.695312,4616.466309,9263.273438,6402.992188,4075.187256,8765.197266,7804.082520,6597.750977,2541.932617,6910.002441,8657.992188
5082.088867,1685.072876,10195.166016,10327.436523,13064.500000,14730.672852,9097.852539,6311.550781,10147.647461,4809.698242,9172.854492,9512.842773,6988.869629,3173.367920,12670.566406,8775.279297,6354.105957,8678.386719,4833.249023,6542.452637,3337.180176,10879.218750,5251.574707,8218.499023,9930.101562,12005.455078,3269.451904,3772.070068,0.000000,13278.473633,6319.453125,6487.230469,9587.703125,12643.025391,8061.691895,6371.177734,5953.032715,4658.888672,1876.593994,9226.303711,7379.381348,10729.880859,5916.227539,5411.327148,6293.245605,5016.808594,12958.132812,14856.121094,5058.545410,7299.936035,2966.818359,14064.743164,14086.045898,2733.216797,12038.119141,10966.701172,7158.944336,7601.432129,12156.203125,7132.942383,3764.936279,8655.868164,7178.773438,7978.821777,2113.508789,6623.237305,12216.832031,2811.512695,7591.832520,4046.272949,6539.977539,11274.593750,6518.485840,7447.694336,8384.196289,6989.178223,6019.892578,3023.622070,11868.416992,2394.094727,11403.487305,4770.541992,14211.747070,10957.005859,6114.385742,8567.537109,4682.465332,10675.118164,11792.965820,7044.270020,9966.486328,7650.355957,9978.894531,9300.233398,2907.398193,7535.043457,7344.058105,9975.286133,5697.081543,10612.484375,5162.014160
9162.119141,14955.064453,3266.532959,5212.937500,15527.208008,3829.156250,4324.661133,12703.340820,7835.024902,18086.365234,8797.556641,8259.314453,11508.627930,15373.283203,13543.329102,8970.575195,12452.938477,12439.274414,12840.409180,11293.293945,15898.402344,11340.396484,18200.117188,5781.995605,18322.906250,8083.068359,16533.792969,10897.508789,13278.473633,0.000000,19023.146484,9303.210938,4963.019043,3237.423340,9011.843750,14741.397461,7958.058594,11369.151367,14742.979492,4173.270508,10907.070312,3524.351807,8868.555664,12093.195312,7577.648926,16338.868164,1078.796631,5909.458008,8232.315430,15639.875000,15767.324219,12884.031250,10409.499023,11737.784180,14533.329102,6290.273926,17944.615234,7670.191406,3320.378174,15197.357422,16916.386719,13762.079102,6116.827148,18271.546875,14552.535156,15921.306641,15979.706055,12341.250977,5737.439941,10115.667969,7027.101074,2704.775146,7793.099121,10647.050781,6022.041992,11914.277344,14059.569336,10340.183594,5936.932617,12129.652344,6276.735352,17313.089844,6149.460449,9121.697266,16716.447266,10963.874023,11399.053711,12332.399414,11088.119141,15436.659180,6983.295410,13011.345703,5804.779297,14231.566406,10849.116211,10438.346680,18622.251953,5671.940430,12019.758789,10939.686523,15579.384766
9958.207031,5052.238770,16159.801758,15126.951172,13273.916992,19749.496094,15090.591797,8057.333496,13978.174805,3363.556885,12714.444336,15791.777344,9435.734375,3649.914795,13892.593750,12302.385742,8282.227539,10285.880859,10338.916992,9253.814453,3151.329102,13074.754883,1213.878662,13441.597656,7261.666504,15626.387695,4133.984375,8202.722656,6319.453125,19023.146484,0.000000,12755.403320,14660.924805,17747.261719,11722.440430,6351.273438,11126.156250,8106.042969,4494.883301,14853.077148,10123.816406,16019.353516,12232.562500,7922.773438,12551.268555,8094.060547,18523.931641,19316.292969,11075.546875,6427.245117,5792.739746,15822.124023,16918.298828,7288.902832,12620.611328,15295.155273,3626.748047,13920.883789,17272.921875,6667.813965,2780.094238,9382.366211,13123.515625,4460.431641,4531.472168,5403.229004,11968.973633,6712.166504,13303.246094,10362.440430,12002.242188,16698.859375,12821.791992,10336.181641,13409.912109,12743.469727,10953.299805,8806.831055,16244.596680,8523.882812,15697.028320,6270.320801,18546.976562,14183.429688,3879.671875,11071.216797,8092.469238,12345.251953,14143.397461,6348.296387,16285.102539,8946.726562,16278.122070,9729.503906,9226.848633,13605.250977,2958.209473,14678.750977,8157.791504,13006.006836,9011.097656
6648.377930,7750.139160,6110.697266,9176.366211,16645.103516,12182.411133,5228.035156,10547.525391,10650.986328,10567.284180,10407.480469,3036.647949,10335.470703,9600.769531,15473.338867,10178.903320,10431.587891,12121.211914,3685.392090,9852.573242,9822.360352,13141.125977,11625.808594,7011.626953,15624.218750,12286.549805,9068.308594,7172.075684,6487.230469,9303.210938,12755.403320,0.000000,8136.971191,10287.275391,9587.100586,11663.175781,6256.515137,8391.705078,8363.554688,6550.306152,10263.709961,8429.895508,1006.404541,9504.106445,2399.492188,7432.775391,9498.122070,13291.209961,3897.814941,12718.453125,7742.948242,16112.253906,14949.545898,7071.278320,15500.092773,10455.862305,13436.223633,1683.915649,9878.245117,12406.617188,10058.144531,12786.770508,4427.829590,14162.590820,8535.461914,12357.693359,16269.077148,7699.387695,5418.359863,2526.660156,5745.845703,8510.051758,1811.159668,10153.108398,7529.107422,2765.320801,4764.962891,5207.051758,11038.199219,4248.721191,10829.055664,8848.425781,12960.044922,12029.877930,12277.536133,11219.836914,8434.771484,13498.579102,13671.017578,12450.744141,3704.167480,11686.426758,4157.052734,13466.916016,3664.752686,1758.719238,13739.354492,9120.530273,9672.838867,12738.876953,6506.887207
